R  33  F  -1  1  10  0  
R  40  F  -1  1  10  0  
R  2   F  -1  1  10  0  
W  16  F  -1  1  10  0  
R  6   F  -1  1  10  0  
R  36  F  -1  1  10  0  
R  0   F  -1  1  10  0  
R  38  F  -1  1  10  0  
R  44  F  -1  1  10  0  
R  97  F  -1  1  10  0  
R  14  F  -1  1  10  0  
R  16  H  -1  1  0   0  
R  0   H  -1  1  0   0  
R  9   F  -1  1  10  0  
W  44  H  -1  1  0   0  
R  12  F  -1  1  10  0  
R  64  F  -1  1  10  0  
W  27  F  -1  1  10  0  
R  58  F  -1  1  10  0  
R  61  F  -1  1  10  0  
W  14  H  -1  1  0   0  
R  48  F  -1  1  10  0  
R  4   F  -1  1  10  0  
R  1   F  -1  1  10  0  
W  18  F  33  1  10  0  
R  66  F  40  1  10  0  
R  33  F  2   1  10  0  
W  72  F  16  1  10  20 
W  57  F  6   1  10  0  
R  61  H  -1  1  0   0  
R  66  H  -1  1  0   0  
W  5   F  36  1  10  0  
R  25  F  0   1  10  0  
R  28  F  38  1  10  0  
R  19  F  44  1  10  20 
R  2   F  97  1  10  0  
R  30  F  14  1  10  20 
R  3   F  9   1  10  0  
R  84  F  12  1  10  0  
R  0   F  64  1  10  0  
R  9   F  27  1  10  20 
R  0   H  -1  1  0   0  
R  73  F  58  1  10  0  
R  26  F  48  1  10  0  
R  3   H  -1  1  0   0  
R  5   H  -1  1  0   0  
R  72  H  -1  1  0   0  
R  37  F  4   1  10  0  
R  18  H  -1  1  0   0  
R  48  F  1   1  10  0  
R  32  F  61  1  10  0  
R  69  F  18  1  10  20 
W  86  F  66  1  10  0  
R  79  F  33  1  10  0  
R  64  F  72  1  10  20 
R  61  F  57  1  10  20 
R  22  F  5   1  10  20 
R  4   F  25  1  10  0  
W  66  F  28  1  10  0  
R  57  F  19  1  10  0  
R  88  F  2   1  10  0  
R  2   F  30  1  10  0  
R  20  F  3   1  10  0  
R  29  F  84  1  10  0  
R  47  F  0   1  10  0  
R  1   F  9   1  10  0  
R  15  F  73  1  10  0  
R  52  F  26  1  10  0  
R  26  F  37  1  10  0  
R  27  F  48  1  10  0  
R  62  F  32  1  10  0  
R  86  H  -1  1  0   0  
R  13  F  69  1  10  0  
W  75  F  79  1  10  0  
R  68  F  64  1  10  0  
R  43  F  61  1  10  0  
R  51  F  22  1  10  0  
R  64  F  4   1  10  0  
R  44  F  66  1  10  20 
W  32  F  57  1  10  0  
R  28  F  88  1  10  0  
R  41  F  2   1  10  0  
R  17  F  20  1  10  0  
W  24  F  29  1  10  0  
R  33  F  47  1  10  0  
R  36  F  1   1  10  0  
R  51  H  -1  1  0   0  
W  63  F  15  1  10  0  
W  85  F  52  1  10  0  
R  34  F  26  1  10  0  
R  51  H  -1  1  0   0  
R  5   F  27  1  10  0  
R  24  H  -1  1  0   0  
R  33  H  -1  1  0   0  
R  24  H  -1  1  0   0  
R  31  F  86  1  10  20 
R  27  F  62  1  10  0  
W  0   F  13  1  10  0  
W  35  F  75  1  10  20 
R  2   F  68  1  10  0  
R  40  F  43  1  10  0  
R  7   F  51  1  10  0  
R  34  H  -1  1  0   0  
R  45  F  64  1  10  0  
R  20  F  44  1  10  0  
R  76  F  32  1  10  20 
R  42  F  28  1  10  0  
R  62  F  41  1  10  0  
R  92  F  17  1  10  0  
W  38  F  24  1  10  20 
R  63  H  -1  1  0   0  
W  26  F  33  1  10  0  
W  87  F  36  1  10  0  
R  6   F  85  1  10  20 
W  10  F  5   1  10  0  
W  31  H  -1  1  0   0  
R  76  H  -1  1  0   0  
W  16  F  63  1  10  20 
R  16  H  -1  1  0   0  
W  0   H  -1  1  0   0  
R  20  H  -1  1  0   0  
W  60  F  27  1  10  0  
R  39  F  34  1  10  0  
R  35  H  -1  1  0   0  
R  65  F  31  1  10  20 
R  7   H  -1  1  0   0  
R  27  F  2   1  10  0  
R  10  H  -1  1  0   0  
R  8   F  40  1  10  0  
R  13  F  45  1  10  0  
R  65  H  -1  1  0   0  
R  34  F  76  1  10  0  
R  6   H  -1  1  0   0  
R  19  F  42  1  10  0  
W  0   H  -1  1  0   0  
R  17  F  62  1  10  0  
R  49  F  92  1  10  0  
R  34  H  -1  1  0   0  
R  71  F  38  1  10  20 
R  66  F  26  1  10  20 
R  46  F  87  1  10  20 
R  24  F  35  1  10  20 
W  82  F  7   1  10  0  
R  4   F  20  1  10  0  
R  23  F  16  1  10  20 
R  12  F  60  1  10  20 
R  18  F  6   1  10  0  
R  2   F  39  1  10  0  
R  65  H  -1  1  0   0  
W  98  F  10  1  10  20 
R  16  F  0   1  10  20 
R  68  F  27  1  10  0  
R  26  F  8   1  10  0  
W  43  F  13  1  10  0  
R  32  F  34  1  10  0  
W  10  F  19  1  10  0  
R  41  F  17  1  10  0  
R  23  H  -1  1  0   0  
W  55  F  49  1  10  0  
R  59  F  71  1  10  0  
R  11  F  66  1  10  0  
R  35  F  46  1  10  0  
R  5   F  65  1  10  0  
R  43  H  -1  1  0   0  
W  11  H  -1  1  0   0  
R  59  H  -1  1  0   0  
R  60  F  24  1  10  0  
R  7   F  82  1  10  20 
R  8   F  4   1  10  0  
R  36  F  23  1  10  0  
R  39  F  12  1  10  0  
W  21  F  18  1  10  0  
R  37  F  2   1  10  0  
W  75  F  98  1  10  20 
R  12  F  16  1  10  0  
R  32  H  -1  1  0   0  
W  59  H  -1  1  0   0  
R  41  H  -1  1  0   0  
R  53  F  68  1  10  0  
R  78  F  26  1  10  0  
W  7   H  -1  1  0   0  
R  22  F  43  1  10  20 
R  2   F  10  1  10  20 
W  30  F  55  1  10  20 
R  94  F  11  1  10  20 
W  24  F  35  1  10  0  
R  22  H  -1  1  0   0  
R  39  H  -1  1  0   0  
R  17  F  5   1  10  0  
R  3   F  60  1  10  0  
R  51  F  7   1  10  20 
R  68  F  8   1  10  0  
R  74  F  32  1  10  0  
R  14  F  41  1  10  0  
R  23  F  59  1  10  20 
W  23  H  -1  1  0   0  
R  16  F  36  1  10  0  
R  7   F  39  1  10  0  
R  31  F  21  1  10  20 
R  32  F  37  1  10  0  
W  47  F  75  1  10  20 
R  81  F  12  1  10  0  
R  30  H  -1  1  0   0  
R  31  H  -1  1  0   0  
R  77  F  53  1  10  0  
R  37  F  78  1  10  0  
R  56  F  22  1  10  0  
R  47  H  -1  1  0   0  
R  57  F  2   1  10  0  
R  34  F  94  1  10  0  
R  20  F  24  1  10  20 
W  19  F  17  1  10  0  
R  20  H  -1  1  0   0  
R  16  H  -1  1  0   0  
R  80  F  3   1  10  0  
R  67  F  51  1  10  0  
R  56  H  -1  1  0   0  
R  3   F  68  1  10  0  
R  8   F  74  1  10  0  
R  73  F  14  1  10  0  
R  21  F  30  1  10  20 
R  52  F  23  1  10  20 
W  58  F  7   1  10  0  
W  62  F  31  1  10  0  
W  40  F  32  1  10  0  
R  3   H  -1  1  0   0  
R  22  F  47  1  10  20 
W  75  F  81  1  10  0  
R  77  H  -1  1  0   0  
W  30  F  37  1  10  0  
R  41  F  56  1  10  0  
R  46  F  57  1  10  0  
R  63  F  34  1  10  0  
R  50  F  20  1  10  0  
R  37  F  16  1  10  0  
R  2   F  19  1  10  20 
R  9   F  80  1  10  0  
R  48  F  77  1  10  0  
R  30  H  -1  1  0   0  
W  84  F  67  1  10  0  
R  14  F  3   1  10  0  
R  80  F  8   1  10  0  
R  12  F  73  1  10  0  
R  36  F  21  1  10  0  
R  34  F  52  1  10  0  
R  35  F  58  1  10  20 
R  54  F  62  1  10  20 
R  21  F  40  1  10  20 
R  29  F  22  1  10  0  
R  78  F  75  1  10  20 
R  99  F  30  1  10  20 
R  89  F  41  1  10  0  
R  51  F  46  1  10  0  
R  83  F  63  1  10  0  
R  78  H  -1  1  0   0  
R  88  F  50  1  10  0  
R  56  F  37  1  10  0  
R  15  F  2   1  10  0  
R  24  F  9   1  10  0  
R  26  F  48  1  10  0  
R  59  F  84  1  10  20 
W  83  H  -1  1  0   0  
R  67  F  14  1  10  0  
R  30  F  80  1  10  0  
R  18  F  12  1  10  0  
R  20  F  36  1  10  0  
R  19  F  34  1  10  0  
R  9   F  35  1  10  0  
R  28  F  54  1  10  0  
W  32  F  21  1  10  0  
R  21  F  29  1  10  0  
R  91  F  78  1  10  0  
R  41  F  99  1  10  0  
W  15  H  -1  1  0   0  
R  69  F  89  1  10  0  
R  38  F  51  1  10  0  
R  22  F  83  1  10  20 
W  36  F  88  1  10  0  
R  49  F  56  1  10  0  
W  27  F  24  1  10  0  
R  6   F  26  1  10  0  
R  48  F  59  1  10  0  
W  20  H  -1  1  0   0  
R  65  F  67  1  10  0  
R  54  F  30  1  10  0  
R  9   H  -1  1  0   0  
R  55  F  18  1  10  0  
W  4   F  19  1  10  0  
R  41  H  -1  1  0   0  
R  8   F  28  1  10  0  
R  15  H  -1  1  0   0  
R  52  F  32  1  10  20 
R  15  H  -1  1  0   0  
R  6   H  -1  1  0   0  
R  25  F  21  1  10  0  
R  29  F  91  1  10  0  
R  9   H  -1  1  0   0  
W  12  F  69  1  10  0  
R  11  F  38  1  10  0  
R  18  F  20  1  10  20 
R  23  F  22  1  10  0  
R  18  H  -1  1  0   0  
W  26  F  36  1  10  20 
W  14  F  49  1  10  0  
R  11  H  -1  1  0   0  
W  46  F  15  1  10  20 
W  31  F  27  1  10  20 
R  74  F  6   1  10  0  
R  25  H  -1  1  0   0  
R  50  F  41  1  10  0  
W  45  F  48  1  10  0  
R  25  H  -1  1  0   0  
R  18  H  -1  1  0   0  
R  48  F  65  1  10  0  
R  40  F  54  1  10  0  
R  43  F  55  1  10  0  
R  53  F  4   1  10  20 
R  17  F  9   1  10  0  
W  69  F  8   1  10  0  
R  21  F  52  1  10  0  
R  3   F  29  1  10  0  
R  60  F  12  1  10  20 
W  43  H  -1  1  0   0  
R  72  F  11  1  10  0  
R  9   F  18  1  10  0  
R  12  F  23  1  10  0  
W  14  H  -1  1  0   0  
W  70  F  26  1  10  20 
R  11  F  25  1  10  0  
R  56  F  46  1  10  20 
R  6   F  31  1  10  20 
R  21  H  -1  1  0   0  
R  0   F  74  1  10  0  
R  54  F  50  1  10  0  
R  43  H  -1  1  0   0  
R  10  F  45  1  10  20 
W  10  H  -1  1  0   0  
R  3   H  -1  1  0   0  
R  49  F  48  1  10  0  
R  58  F  40  1  10  0  
W  14  H  -1  1  0   0  
R  29  F  53  1  10  0  
R  13  F  17  1  10  0  
R  29  H  -1  1  0   0  
R  19  F  69  1  10  20 
R  17  F  60  1  10  0  
R  32  F  72  1  10  0  
R  7   F  43  1  10  20 
R  45  F  9   1  10  0  
W  29  H  -1  1  0   0  
R  25  F  12  1  10  0  
R  71  F  70  1  10  20 
R  17  H  -1  1  0   0  
R  4   F  14  1  10  20 
R  18  F  21  1  10  0  
R  56  H  -1  1  0   0  
R  14  F  11  1  10  0  
R  25  H  -1  1  0   0  
W  64  F  3   1  10  0  
R  2   F  6   1  10  0  
R  5   F  0   1  10  0  
W  67  F  54  1  10  0  
R  19  H  -1  1  0   0  
W  8   F  10  1  10  20 
W  7   H  -1  1  0   0  
R  12  F  49  1  10  0  
R  8   H  -1  1  0   0  
R  20  F  58  1  10  0  
R  81  F  29  1  10  20 
R  71  H  -1  1  0   0  
R  16  F  13  1  10  0  
R  28  F  56  1  10  0  
R  87  F  17  1  10  0  
R  17  F  32  1  10  0  
W  36  F  7   1  10  20 
R  7   F  45  1  10  0  
R  22  F  25  1  10  0  
R  44  F  71  1  10  0  
R  59  F  4   1  10  0  
R  24  F  19  1  10  0  
R  14  H  -1  1  0   0  
R  8   H  -1  1  0   0  
W  6   F  18  1  10  0  
R  4   F  64  1  10  20 
R  11  F  2   1  10  0  
R  22  H  -1  1  0   0  
W  26  F  5   1  10  0  
W  46  F  67  1  10  20 
R  61  F  12  1  10  0  
R  4   H  -1  1  0   0  
R  19  F  20  1  10  0  
W  38  F  81  1  10  0  
R  73  F  16  1  10  0  
R  3   F  14  1  10  0  
W  38  H  -1  1  0   0  
W  57  F  28  1  10  0  
R  9   F  8   1  10  20 
R  16  F  87  1  10  0  
R  44  H  -1  1  0   0  
R  4   H  -1  1  0   0  
R  6   H  -1  1  0   0  
W  37  F  17  1  10  0  
R  23  F  36  1  10  20 
R  44  H  -1  1  0   0  
R  11  H  -1  1  0   0  
R  3   H  -1  1  0   0  
W  42  F  7   1  10  0  
W  13  F  22  1  10  0  
R  57  H  -1  1  0   0  
R  62  F  59  1  10  0  
R  0   F  24  1  10  0  
W  36  F  26  1  10  20 
W  15  F  46  1  10  20 
W  7   F  61  1  10  0  
R  68  F  19  1  10  0  
W  19  F  38  1  10  20 
R  1   F  44  1  10  0  
R  53  F  73  1  10  0  
W  47  F  6   1  10  20 
W  22  F  3   1  10  0  
R  7   H  -1  1  0   0  
R  26  F  4   1  10  0  
R  37  H  -1  1  0   0  
W  55  F  57  1  10  20 
R  23  H  -1  1  0   0  
R  50  F  11  1  10  0  
R  1   H  -1  1  0   0  
W  2   F  9   1  10  0  
R  42  H  -1  1  0   0  
R  42  H  -1  1  0   0  
R  35  F  16  1  10  0  
R  31  F  13  1  10  20 
R  5   F  62  1  10  0  
R  13  F  0   1  10  0  
W  4   F  36  1  10  20 
R  90  F  15  1  10  20 
W  1   H  -1  1  0   0  
R  79  F  7   1  10  20 
R  15  F  68  1  10  0  
W  42  H  -1  1  0   0  
R  42  H  -1  1  0   0  
R  35  H  -1  1  0   0  
R  28  F  37  1  10  20 
W  17  F  23  1  10  0  
R  2   H  -1  1  0   0  
R  39  F  19  1  10  20 
R  45  F  53  1  10  0  
R  37  F  47  1  10  20 
R  49  F  22  1  10  20 
R  79  H  -1  1  0   0  
R  12  F  26  1  10  0  
R  1   H  -1  1  0   0  
R  47  F  55  1  10  20 
W  29  F  50  1  10  0  
R  11  F  42  1  10  20 
R  93  F  31  1  10  0  
R  58  F  5   1  10  0  
R  70  F  13  1  10  0  
R  34  F  4   1  10  20 
R  39  H  -1  1  0   0  
R  33  F  90  1  10  0  
R  45  H  -1  1  0   0  
R  89  F  2   1  10  20 
W  15  H  -1  1  0   0  
W  0   F  35  1  10  0  
R  12  H  -1  1  0   0  
W  50  F  79  1  10  0  
R  10  F  28  1  10  0  
W  10  H  -1  1  0   0  
R  55  F  17  1  10  20 
R  1   H  -1  1  0   0  
R  13  F  37  1  10  0  
R  28  F  49  1  10  0  
R  48  F  47  1  10  0  
R  15  H  -1  1  0   0  
R  49  F  29  1  10  20 
R  1   H  -1  1  0   0  
R  96  F  11  1  10  0  
R  5   F  39  1  10  0  
R  52  F  93  1  10  0  
R  8   F  58  1  10  0  
R  8   H  -1  1  0   0  
R  69  F  45  1  10  0  
R  28  H  -1  1  0   0  
W  47  F  70  1  10  0  
R  74  F  12  1  10  0  
R  45  F  34  1  10  0  
R  50  H  -1  1  0   0  
R  21  F  33  1  10  0  
R  5   H  -1  1  0   0  
R  27  F  89  1  10  0  
R  8   H  -1  1  0   0  
R  13  H  -1  1  0   0  
W  55  H  -1  1  0   0  
W  77  F  0   1  10  20 
R  49  H  -1  1  0   0  
R  6   F  15  1  10  20 
W  76  F  10  1  10  20 
R  95  F  1   1  10  20 
R  39  F  28  1  10  0  
W  38  F  48  1  10  0  
R  60  F  50  1  10  20 
R  38  H  -1  1  0   0  
R  53  F  55  1  10  20 
R  54  F  96  1  10  0  
R  58  F  5   1  10  0  
R  25  F  52  1  10  0  
R  21  H  -1  1  0   0  
R  9   F  8   1  10  0  
W  9   H  -1  1  0   0  
R  67  F  69  1  10  0  
R  85  F  47  1  10  20 
W  18  F  13  1  10  0  
R  40  F  74  1  10  0  
W  33  F  49  1  10  0  
R  46  F  45  1  10  0  
R  1   F  27  1  10  0  
R  27  F  77  1  10  20 
R  11  F  6   1  10  0  
R  13  F  76  1  10  20 
R  3   F  95  1  10  0  
R  10  F  39  1  10  0  
R  30  F  38  1  10  20 
R  54  H  -1  1  0   0  
W  6   F  21  1  10  0  
R  29  F  60  1  10  0  
R  24  F  53  1  10  0  
R  46  H  -1  1  0   0  
R  19  F  58  1  10  0  
R  33  H  -1  1  0   0  
W  39  F  25  1  10  0  
R  31  F  9   1  10  20 
R  82  F  67  1  10  0  
W  5   F  85  1  10  0  
R  63  F  18  1  10  20 
R  53  F  40  1  10  0  
R  25  F  1   1  10  0  
R  52  F  27  1  10  0  
R  35  F  11  1  10  0  
R  70  F  13  1  10  0  
R  10  H  -1  1  0   0  
R  23  F  54  1  10  0  
R  17  F  3   1  10  0  
W  13  F  30  1  10  0  
W  28  F  33  1  10  20 
R  5   H  -1  1  0   0  
R  27  F  46  1  10  0  
R  4   F  6   1  10  20 
R  1   F  29  1  10  0  
R  40  F  24  1  10  0  
